vector1=32:2:75

vector1 =

  Columns 1 through 9

    32    34    36    38    40    42    44    46    48

  Columns 10 through 18

    50    52    54    56    58    60    62    64    66

  Columns 19 through 22

    68    70    72    74

x = [2 5 1 6]

x =

     2     5     1     6

x+16

ans =

    18    21    17    22

x(2:3)+3

ans =

     8     4

sqrt(x)

ans =

    1.4142    2.2361    1.0000    2.4495

x.^2

ans =

     4    25     1    36

x=[3 2 6 8]'

x =

     3
     2
     6
     8

y=[4 1 3 5]'

y =

     4
     1
     3
     5

x+y

ans =

     7
     3
     9
    13

x.^y

ans =

          81
           2
         216
       32768

y./x

ans =

    1.3333
    0.5000
    0.5000
    0.6250

z=x.*y

z =

    12
     2
    18
    40

w=sum(z)

w =

    72

x'*y-w

ans =

     0

% Multiplying row vector x by coll. vector y makes a number z to the sum of their products W
2/2*3

ans =

     3

6-2/5+7^2-1

ans =

   53.6000

10/2+5-3+2*4

ans =

    15

3^2/4

ans =

    2.2500

3^2^2

ans =

    81

2+round(6/9+3*2)/2-3

ans =

    2.5000

r+floor(6/9+3*2)/2-3
{Undefined function or variable 'r'.
} 
2+floor(6/9+3*2)/2-3

ans =

     2

2+ceil(6/9+3*2)/2-3

ans =

    2.5000

x=[2:2:8]

x =

     2     4     6     8

x=[10:-2:-4]

x =

    10     8     6     4     2     0    -2    -4

y=1./(1:5)

y =

    1.0000    0.5000    0.3333    0.2500    0.2000

x= rats(y)

x =

       1            1/2           1/3           1/4           1/5     

q=0:4

q =

     0     1     2     3     4

w=1:5

w =

     1     2     3     4     5

y=q./w

y =

         0    0.5000    0.6667    0.7500    0.8000

x= rats(y)

x =

       0            1/2           2/3           3/4           4/5     

n=1:100;
x=((-1).^(n+1))./(2*n-1)

x =

  Columns 1 through 5

    1.0000   -0.3333    0.2000   -0.1429    0.1111

  Columns 6 through 10

   -0.0909    0.0769   -0.0667    0.0588   -0.0526

  Columns 11 through 15

    0.0476   -0.0435    0.0400   -0.0370    0.0345

  Columns 16 through 20

   -0.0323    0.0303   -0.0286    0.0270   -0.0256

  Columns 21 through 25

    0.0244   -0.0233    0.0222   -0.0213    0.0204

  Columns 26 through 30

   -0.0196    0.0189   -0.0182    0.0175   -0.0169

  Columns 31 through 35

    0.0164   -0.0159    0.0154   -0.0149    0.0145

  Columns 36 through 40

   -0.0141    0.0137   -0.0133    0.0130   -0.0127

  Columns 41 through 45

    0.0123   -0.0120    0.0118   -0.0115    0.0112

  Columns 46 through 50

   -0.0110    0.0108   -0.0105    0.0103   -0.0101

  Columns 51 through 55

    0.0099   -0.0097    0.0095   -0.0093    0.0092

  Columns 56 through 60

   -0.0090    0.0088   -0.0087    0.0085   -0.0084

  Columns 61 through 65

    0.0083   -0.0081    0.0080   -0.0079    0.0078

  Columns 66 through 70

   -0.0076    0.0075   -0.0074    0.0073   -0.0072

  Columns 71 through 75

    0.0071   -0.0070    0.0069   -0.0068    0.0067

  Columns 76 through 80

   -0.0066    0.0065   -0.0065    0.0064   -0.0063

  Columns 81 through 85

    0.0062   -0.0061    0.0061   -0.0060    0.0059

  Columns 86 through 90

   -0.0058    0.0058   -0.0057    0.0056   -0.0056

  Columns 91 through 95

    0.0055   -0.0055    0.0054   -0.0053    0.0053

  Columns 96 through 100

   -0.0052    0.0052   -0.0051    0.0051   -0.0050

w=sum(x)

w =

    0.7829

x= 0:.05:4

x =

  Columns 1 through 5

         0    0.0500    0.1000    0.1500    0.2000

  Columns 6 through 10

    0.2500    0.3000    0.3500    0.4000    0.4500

  Columns 11 through 15

    0.5000    0.5500    0.6000    0.6500    0.7000

  Columns 16 through 20

    0.7500    0.8000    0.8500    0.9000    0.9500

  Columns 21 through 25

    1.0000    1.0500    1.1000    1.1500    1.2000

  Columns 26 through 30

    1.2500    1.3000    1.3500    1.4000    1.4500

  Columns 31 through 35

    1.5000    1.5500    1.6000    1.6500    1.7000

  Columns 36 through 40

    1.7500    1.8000    1.8500    1.9000    1.9500

  Columns 41 through 45

    2.0000    2.0500    2.1000    2.1500    2.2000

  Columns 46 through 50

    2.2500    2.3000    2.3500    2.4000    2.4500

  Columns 51 through 55

    2.5000    2.5500    2.6000    2.6500    2.7000

  Columns 56 through 60

    2.7500    2.8000    2.8500    2.9000    2.9500

  Columns 61 through 65

    3.0000    3.0500    3.1000    3.1500    3.2000

  Columns 66 through 70

    3.2500    3.3000    3.3500    3.4000    3.4500

  Columns 71 through 75

    3.5000    3.5500    3.6000    3.6500    3.7000

  Columns 76 through 80

    3.7500    3.8000    3.8500    3.9000    3.9500

  Column 81

    4.0000

plot(x,x,x,x.^3,x,exp(1).^x,x,exp(1).^(x.^2))
-dpng 'Steven_Macenski_0_Problem_7a.png'
 -dpng 'Steven_Macenski_0_Problem_7a.png'
      |
{Error: Unexpected MATLAB expression.
} 
-dpng 'Steven_Macenski_0_Problem_7a.png' 
 -dpng 'Steven_Macenski_0_Problem_7a.png' 
      |
{Error: Unexpected MATLAB expression.
} 
semilogx(x,x,x,x.^3,x,exp(1).^x,x,exp(1).^(x.^2))
loglog(x,x,x,x.^3,x,exp(1).^x,x,exp(1).^(x.^2))
x=-5:.05:5

x =

  Columns 1 through 5

   -5.0000   -4.9500   -4.9000   -4.8500   -4.8000

  Columns 6 through 10

   -4.7500   -4.7000   -4.6500   -4.6000   -4.5500

  Columns 11 through 15

   -4.5000   -4.4500   -4.4000   -4.3500   -4.3000

  Columns 16 through 20

   -4.2500   -4.2000   -4.1500   -4.1000   -4.0500

  Columns 21 through 25

   -4.0000   -3.9500   -3.9000   -3.8500   -3.8000

  Columns 26 through 30

   -3.7500   -3.7000   -3.6500   -3.6000   -3.5500

  Columns 31 through 35

   -3.5000   -3.4500   -3.4000   -3.3500   -3.3000

  Columns 36 through 40

   -3.2500   -3.2000   -3.1500   -3.1000   -3.0500

  Columns 41 through 45

   -3.0000   -2.9500   -2.9000   -2.8500   -2.8000

  Columns 46 through 50

   -2.7500   -2.7000   -2.6500   -2.6000   -2.5500

  Columns 51 through 55

   -2.5000   -2.4500   -2.4000   -2.3500   -2.3000

  Columns 56 through 60

   -2.2500   -2.2000   -2.1500   -2.1000   -2.0500

  Columns 61 through 65

   -2.0000   -1.9500   -1.9000   -1.8500   -1.8000

  Columns 66 through 70

   -1.7500   -1.7000   -1.6500   -1.6000   -1.5500

  Columns 71 through 75

   -1.5000   -1.4500   -1.4000   -1.3500   -1.3000

  Columns 76 through 80

   -1.2500   -1.2000   -1.1500   -1.1000   -1.0500

  Columns 81 through 85

   -1.0000   -0.9500   -0.9000   -0.8500   -0.8000

  Columns 86 through 90

   -0.7500   -0.7000   -0.6500   -0.6000   -0.5500

  Columns 91 through 95

   -0.5000   -0.4500   -0.4000   -0.3500   -0.3000

  Columns 96 through 100

   -0.2500   -0.2000   -0.1500   -0.1000   -0.0500

  Columns 101 through 105

         0    0.0500    0.1000    0.1500    0.2000

  Columns 106 through 110

    0.2500    0.3000    0.3500    0.4000    0.4500

  Columns 111 through 115

    0.5000    0.5500    0.6000    0.6500    0.7000

  Columns 116 through 120

    0.7500    0.8000    0.8500    0.9000    0.9500

  Columns 121 through 125

    1.0000    1.0500    1.1000    1.1500    1.2000

  Columns 126 through 130

    1.2500    1.3000    1.3500    1.4000    1.4500

  Columns 131 through 135

    1.5000    1.5500    1.6000    1.6500    1.7000

  Columns 136 through 140

    1.7500    1.8000    1.8500    1.9000    1.9500

  Columns 141 through 145

    2.0000    2.0500    2.1000    2.1500    2.2000

  Columns 146 through 150

    2.2500    2.3000    2.3500    2.4000    2.4500

  Columns 151 through 155

    2.5000    2.5500    2.6000    2.6500    2.7000

  Columns 156 through 160

    2.7500    2.8000    2.8500    2.9000    2.9500

  Columns 161 through 165

    3.0000    3.0500    3.1000    3.1500    3.2000

  Columns 166 through 170

    3.2500    3.3000    3.3500    3.4000    3.4500

  Columns 171 through 175

    3.5000    3.5500    3.6000    3.6500    3.7000

  Columns 176 through 180

    3.7500    3.8000    3.8500    3.9000    3.9500

  Columns 181 through 185

    4.0000    4.0500    4.1000    4.1500    4.2000

  Columns 186 through 190

    4.2500    4.3000    4.3500    4.4000    4.4500

